10000

36362
6333
23952
27546
20170
7845
37693
10740
20357
35905
3102
12936
38160
34900
23546
23411
17530
4565
19080
24299
16594
35036
36086
21199
23456
3454
12545
3670
9801
36110
10446
2515
2444
30750
30061
22614
34947
27755
29706
15304
20012
29161
24593
18173
24061
8139
37936
37943
9056
13369
22242
22002
8405
18328
3202
28214
18134
12099
31884
27935
8209
38682
30451
7005
25784
20512
29619
20732
4619
15678
32388
20984
4839
16981
39157
25252
21472
33445
23195
26880
6814
5437
8883
15220
20117
8437
3434
34603
20536
31670
18890
28745
26704
5693
32103
8840
22558
18074
29572
27177
33752
18313
8161
34943
35294
3670
20195
13119
37116
39742
39999
282
1531
5234
15502
18000
13671
15288
12603
34207
3310
31494
19305
26366
37187
11408
35207
19745
29482
21131
3275
19587
39444
7788
14530
31091
7811
31078
562
1279
27172
561
1561
25056
5796
13416
3056
15819
25056
12012
6379
24719
39858
25684
11085
33397
33444
6292
13143
19278
23776
12770
35217
19572
16910
6100
10663
24721
37178
11225
22352
20702
8139
23914
5758
10287
33682
8815
22458
18738
17179
28837
3457
17037
10873
14543
10434
669
17187
19929
16300
37315
32699
11517
16888
5962
17617
23903
27035
11147
31481
9388
31850
35972
33302
37608
6259
23336
2775
28717
2074
19954
13907
5532
36991
24780
16427
7426
25450
29966
27355
1750
23634
16407
9619
522
18721
27237
24425
5756
34736
15906
15144
26586
8230
4798
24195
14489
28134
23322
39559
26561
3277
9818
28445
268
34598
1224
4046
16400
27542
27754
14502
11176
513
20474
8050
19234
7711
32476
21342
38799
4734
32839
25386
12965
33989
5933
23806
22124
29255
19717
5037
32532
29535
33482
29153
20486
31058
29551
33238
18600
17305
7741
29777
17818
28215
37827
33404
32278
26655
14747
31077
27742
7586
12815
37059
1575
18748
17217
20051
4356
36935
21440
36888
22822
14922
22393
3308
2332
11945
36547
20933
25602
640
7062
3421
25207
1241
33177
17485
27897
7924
4914
11991
11862
17730
9050
9790
32830
26267
29841
37186
19554
11282
30427
2377
22556
9172
2037
24889
21117
34936
2174
6720
35576
9236
6493
20783
10477
36022
34620
34726
3947
39535
6717
12161
13617
12119
21951
2799
34739
11793
39986
10645
19427
26765
9374
38335
35937
11412
23224
13407
6348
25398
16479
38277
30986
19324
19060
1464
15346
13681
32542
15645
9568
35612
27807
23185
7731
9758
25984
38822
17903
22322
9468
33682
5439
18842
32018
37729
26606
11594
11136
29307
33345
23967
27584
24331
39643
6644
22147
14989
16677
14690
30635
26245
10302
14794
5782
14385
20904
31767
9560
38808
10441
19028
32490
15881
34222
20860
13610
17181
32455
21098
6488
25800
5065
34072
10131
4708
716
32279
16049
17394
3321
3036
39991
13623
17830
5774
24360
35087
37541
33920
33895
4334
9300
22737
20215
3523
3598
30177
17056
32405
11275
23544
18205
12692
17616
24688
13752
14684
13319
29802
32078
16640
29190
32070
26615
3373
34196
10976
38460
31737
1248
28707
32423
10549
11444
8991
10424
11394
39168
27480
3799
6796
11024
18356
15840
28640
3045
29593
3324
12716
15747
31755
25709
4937
20177
12324
4662
14373
19652
3122
2462
17253
31829
34885
27802
39626
228
38226
7372
35749
22058
11172
2545
33082
25880
18385
18074
25277
4330
17750
37994
20077
5857
20055
21367
26034
28731
26029
36759
8384
25504
39221
21989
17333
30459
9791
13311
30687
4369
20684
26436
22779
28208
25333
12213
14088
71
30287
35718
4401
4389
30064
20831
10247
10119
2198
32633
38850
24579
25745
3586
10083
24966
25575
23769
11777
31718
37080
38817
32439
14116
21605
15218
2324
3291
27431
12765
3362
14070
8483
7763
18460
38547
24946
25059
8666
27144
14044
7516
8076
39789
11103
18159
21108
33030
38280
32885
24749
35361
28054
17188
9477
9660
32407
8154
12951
19838
20919
12665
30261
29402
16780
8721
27949
1727
30132
32967
25223
4176
36835
33299
3966
4290
7811
25074
37321
6091
14311
22070
37804
2366
35610
3634
8378
28017
11788
17681
4208
32707
30346
34469
18461
7126
39542
2762
5205
29674
35729
26781
33850
32564
20080
34168
36855
24243
19242
34176
26687
29906
12598
24491
32272
8208
24477
650
32578
36265
14683
33138
28972
5029
23959
3785
8507
23501
6547
10065
9527
2276
36846
39729
31193
13278
33898
28048
37522
9492
18576
20561
39398
27526
1404
28022
32086
25882
25024
21016
22147
39707
14154
7472
1088
34465
11257
5948
14318
17805
12365
23845
16433
9211
23575
7626
22489
13825
32026
16363
19669
6954
33276
15420
34480
34681
3442
26567
20563
24819
3935
2710
20878
18090
6534
21967
8907
14144
24267
23226
31949
36632
7071
4734
5843
26998
12361
24684
37175
739
37400
16845
7694
30676
28617
38526
25357
28411
21445
5920
13230
25381
4983
34109
39823
7869
16076
8730
22013
36695
31956
13962
33327
39028
15049
35522
22378
23762
16558
15906
24501
13958
29103
28547
987
17720
27074
22696
6131
8519
24969
19362
33900
29952
13471
30075
37821
25899
38806
16187
18946
30762
30149
12273
26142
1550
4147
4873
25312
20705
20779
6166
31016
9882
34713
28355
27602
18139
11051
33733
26659
36020
9447
16911
22324
19270
6987
16498
1521
5793
32685
20467
32907
19186
29092
19050
20737
33239
23923
2401
10297
4702
8567
37665
10936
3281
26020
38538
21420
33423
28623
4431
29444
38071
17695
8120
17341
24682
24618
18863
26827
13655
39330
16086
32842
28423
35136
9931
18014
15411
12332
28311
16465
20900
22328
27401
20533
8348
25939
1953
1772
10915
6385
27568
8986
24080
32040
22679
5114
16659
37894
28293
26666
33577
4379
19508
18352
35868
29439
36366
11279
38124
21030
27745
19024
3358
11498
39557
8059
33790
37862
9831
4705
599
33751
10043
21031
25791
29074
26145
38802
26969
10790
25469
20546
15170
1329
38898
7390
30769
31616
18669
28893
12646
2766
4269
12357
14265
178
20416
4407
38040
26599
5464
38640
20350
15507
19671
2493
4581
2169
1296
27902
12959
23117
8448
24481
24446
3698
31871
11567
35315
6893
36812
4313
6011
1081
16670
16628
1259
33438
21035
35652
20037
26499
34292
36739
38358
10315
39233
2940
12484
36881
30842
21796
19998
35643
2629
4444
39341
30853
16012
31008
37746
12824
31674
109
10258
4696
16738
7869
38135
37773
3521
14524
20625
37813
11264
18983
8129
10497
21923
16965
3730
9118
35113
23728
4761
37743
24524
454
24948
36888
27815
19046
6065
15841
19155
16323
20537
35893
24192
15024
30019
24066
29549
10644
21879
813
29627
26360
7662
7903
39678
7744
13373
34791
31472
14486
28886
12348
14940
13834
9237
39107
32880
15302
14948
12036
27977
31838
4281
8521
6862
34300
32587
36411
1296
10819
33576
30924
37179
37590
35179
36857
5334
8552
31649
33158
23038
20535
5507
34330
30722
11096
29790
23602
26398
4738
31990
10727
36576
32624
19248
39791
26924
8188
36202
24573
19007
26131
11849
16186
23721
7028
9396
25408
11932
37397
18566
31322
14284
20425
22004
5006
31521
11794
24961
14271
12885
16951
24998
9461
9575
599
5604
32852
8787
38159
17425
27794
24290
25626
332
4363
32654
9728
26123
938
7125
4690
32260
21410
25115
14264
26416
16637
26059
11377
30908
35296
24681
12259
4757
30608
12858
10362
19812
21645
4873
33589
9439
29163
19215
9771
29878
11869
15852
16002
9159
22977
20692
1419
739
2159
12036
23508
15148
34447
34885
6057
29743
15918
18316
30852
6527
27526
37566
22691
9171
2439
16281
14962
31602
35496
21085
17833
3718
36937
33835
12877
16267
10879
10649
17006
9390
22685
514
24539
17132
31752
26948
6875
4022
5264
34079
10549
29142
31646
33241
38313
34085
5874
9627
22040
1370
30712
39873
5088
24002
33708
14318
36621
939
24967
9979
10329
4004
6846
34868
21136
38598
21816
24363
2620
23432
18442
9522
12574
10088
39115
7239
526
4989
13218
22566
6359
283
22439
7800
24285
12499
18470
17258
13438
39789
27237
20119
3793
34083
14988
24929
32681
33156
5644
31654
16589
24086
37528
25515
30527
36643
29107
31053
37984
2325
13619
695
2608
32410
8495
26893
4909
23317
4151
14699
23106
27741
34818
26899
21824
9806
8180
10858
39315
13824
2512
15904
34263
36392
37771
21142
33035
26878
8547
31019
29204
22166
31714
31812
10928
36562
15058
12189
16231
15561
26888
39338
39654
21706
26237
21479
27865
30770
32337
27180
4594
31201
39436
35209
27593
37207
16351
16980
20438
24898
7999
9642
3416
36065
37806
14344
28979
9216
26533
5211
21130
9773
4549
20784
27832
27138
2263
15697
14260
30952
39229
18855
22153
38665
10416
6098
32224
26768
23078
12662
8018
27429
18656
11435
19847
16463
22131
8826
22031
5017
10389
3161
14790
14938
23946
38974
38429
22561
14671
12689
13514
13900
27896
32019
8917
38313
38118
1142
21433
17548
10156
25803
4978
28813
37238
21177
5276
15722
30003
27307
17091
393
26821
28233
11683
10767
27208
6464
29680
1879
15506
3194
12132
39754
35214
17401
34419
29684
14895
15852
7232
25052
1656
8562
13865
35246
29739
15493
7320
16095
39152
24411
12840
22325
12645
24523
33092
39853
27340
19125
38084
2846
22319
6568
2600
13885
23970
37020
39921
35217
9224
3506
20269
10880
8420
30486
2479
34512
2331
9799
10607
37836
34211
23447
20161
3208
4322
9606
3061
31662
28731
37497
30860
7402
4066
33461
17640
24388
26833
17561
19605
36057
17419
36227
3290
25840
26713
5769
20352
25397
11920
27311
23233
6131
7110
39746
5691
7784
9352
5104
35799
34435
2602
26659
38190
6668
20120
15830
27408
3305
29743
7013
39363
7163
3240
2653
29355
26306
4774
9707
11703
16694
33370
31288
19178
36832
27386
24869
4616
33091
29974
415
27526
32576
27075
25716
35596
3547
37898
23004
6853
27642
26369
2568
34805
29610
5221
20512
15916
9995
30219
23971
23041
19941
11611
2219
16773
38997
23441
21389
32088
13415
18157
15967
2343
5232
1683
34291
5131
35934
13647
8336
23576
16
10904
14733
29626
12477
35245
1894
18824
21816
22217
1866
1757
33828
437
14882
29178
23878
36271
21266
33645
14428
37233
35988
16012
35269
26631
17496
27555
278
25832
11131
295
36737
22216
26273
9214
17461
28168
28039
35629
6737
29905
33738
36918
26694
8620
26096
10573
1243
3714
4218
12024
37300
36559
24388
28921
23190
1884
16476
23469
27717
23959
20116
24454
6175
6389
30020
19988
30909
14411
11969
33999
668
5707
30917
27363
10679
13365
37936
8274
17079
38506
20298
10731
35065
4687
36004
14608
6571
12480
34429
30640
32791
14545
11446
35318
17286
1467
11658
8196
12230
23627
2195
12899
25686
29464
262
36365
2829
34550
4640
16260
33056
21290
23344
24474
25977
19348
39082
28901
28181
33511
15893
20972
4408
27340
12643
21694
25159
24301
26242
37389
7929
24789
6640
33615
10605
6902
26333
13434
37804
30973
26047
30861
8615
5743
15335
34593
25091
10769
19846
9624
632
32091
26949
5040
19431
39592
23086
942
23893
5681
38332
28174
26822
4972
18142
37428
8227
4475
7214
6031
31800
33261
33244
415
35356
4931
31360
20448
15700
7558
30072
16332
39650
13373
17724
19081
12965
811
16376
36859
2844
14708
21385
29666
16032
39527
27094
20611
4002
34309
22995
32154
23922
16239
32570
19279
21171
20282
36079
36871
27841
22503
9556
23843
35877
27280
39276
8842
24443
15652
2053
23639
30360
23439
13306
2745
19318
400
23356
19673
31061
6351
11827
11336
18943
749
30615
114
21032
26694
33337
5225
5549
39245
29068
1426
26526
24696
6621
7321
349
8674
30961
27061
28465
619
29806
7784
37371
9515
23809
28433
12218
35636
39769
31161
32738
26736
27627
10122
9782
17317
15347
15331
16562
767
13110
39440
25463
19731
6762
22164
24757
34075
9226
13223
31046
39032
17359
28417
4899
1168
13202
13470
33156
12971
983
25894
36059
28611
36016
5841
5928
7715
17525
18842
4834
30635
18283
26650
10366
21397
8814
35123
11824
18040
4698
2870
13425
18409
31287
14676
19577
4490
28146
9086
13813
29130
34980
9873
14093
27349
12066
16373
35064
25943
35215
36251
16578
9850
22901
23296
31247
28067
14772
3071
2460
19470
2293
12237
37880
33581
26913
13809
34423
11412
22895
4588
542
14228
10813
10987
1577
22880
27360
32993
8823
18927
29244
21754
28778
12145
5050
16377
36565
16174
15801
39025
35645
18094
11262
29877
8027
34527
3686
38802
5939
22934
3391
2833
37162
14204
13820
35091
33436
37532
28084
38612
12812
17329
20366
37942
25826
21768
14319
22391
37943
26472
17768
29940
919
29030
16169
8946
19910
19855
7749
25849
39141
7492
28683
32655
21696
38855
27746
11485
32740
15831
10097
5552
33160
26815
39846
15338
4935
10517
37730
39230
36990
11850
25522
37909
881
1691
3207
20791
17899
7308
2992
17040
14800
28027
9696
32849
26883
37442
4334
15975
9625
10783
17879
2785
33950
17725
14476
38885
28242
12206
34468
21584
24056
19990
19493
21289
21682
22701
38432
39581
26361
1425
12973
1162
25804
19021
30363
9039
12816
31049
25014
22441
1832
39245
21579
32134
16970
36055
27371
1565
4613
21839
23149
25021
38182
38995
2663
16216
18048
1095
15797
4409
38872
25122
1923
24677
4144
32286
30068
16960
23335
15083
39401
21519
14328
17332
13653
27651
13387
37377
29216
18000
19216
8717
39374
13750
7712
2037
29966
22112
3132
5763
26522
38357
27238
24797
19386
31382
17084
9454
4694
36771
20889
447
14643
31570
17780
24648
19221
27519
22025
4789
1872
37594
9858
1246
11344
13923
3283
1311
36035
2767
3426
22557
37476
30664
7355
16862
18398
20791
22669
23092
13914
3558
19892
28557
31480
34024
13206
10701
21543
35231
11842
23415
29177
21701
21013
522
35624
24296
1833
31659
23416
5259
10569
20892
32276
14276
34107
7026
31419
16776
30119
5333
16686
6363
33891
8167
387
3449
15220
21930
35032
27063
1698
24210
5116
22711
24732
740
3360
22917
28751
26776
24528
35672
7668
16804
9948
1775
20183
1367
14903
6654
6701
27942
13017
36944
36109
13404
393
11329
31686
35425
34744
29736
15987
39860
12448
719
36952
15808
19988
22056
38936
4517
17728
6604
17673
24029
4732
37856
25396
15987
4510
28449
3929
13879
21745
38
27283
18490
7720
15322
13916
38816
5058
29903
38677
13858
26975
31981
26018
6963
14037
24954
7832
28118
27911
21858
12147
28995
19714
33895
4982
20577
22345
8912
34456
442
5302
18092
18933
9374
33414
29201
8191
34824
15456
3220
5035
2431
31553
31053
5747
5591
16008
9931
33709
271
31789
5856
29266
11504
36103
34248
32081
18448
39512
22889
15243
1167
981
34176
10541
30747
23377
15084
25572
38833
14656
26959
37617
6210
18012
3364
8153
30372
9647
38214
30643
1437
422
19909
12941
36525
14158
1374
11326
10022
20615
26569
11189
21597
20745
18083
12344
474
29519
34268
39307
4176
21227
33276
6738
35592
32992
14891
25964
2640
9457
16608
4077
9879
36517
13370
6404
7027
14744
17730
13402
31711
651
24591
13308
21396
39026
22005
18222
28546
16273
17530
29074
33853
7158
35812
29445
151
7055
15409
2791
16512
28369
6868
26391
21239
20238
29147
28266
31334
3230
38020
23045
3881
22612
32706
21630
17990
14711
39852
2888
27336
13734
31962
21189
20893
24126
6986
21044
31181
22396
20187
4045
7117
27055
30436
28356
3645
15936
12975
31331
19166
10995
10728
23047
29959
3434
4677
7950
14497
882
10838
1834
14616
39153
19375
35509
23279
26362
12905
10813
8758
33092
14858
15875
16499
1647
584
20144
17583
13559
7827
33101
24554
18556
16148
14514
18342
17178
18816
32840
18060
26006
34674
29028
25159
10401
24538
4791
36763
33795
15604
1873
26888
30462
14101
3387
28461
14685
19884
6044
28244
24063
39145
9150
2619
11646
20016
17314
25176
38832
10154
39588
21191
1180
24968
2702
11581
5858
7493
4697
39654
23097
6570
26542
9912
20671
26281
38373
35356
2517
770
19952
26581
36267
29103
25552
4265
9119
39218
25793
4304
9372
21733
25495
6904
6702
28197
14838
12560
32043
19535
12214
11492
26105
35108
21404
3129
17742
16130
38485
20259
13252
18438
3192
5871
3893
25097
10137
9364
24315
32282
10020
30040
14016
35515
33296
20718
20065
8134
29630
8460
24021
1845
19952
6479
33305
37709
9608
11047
13839
8093
27659
23443
22883
27203
29314
23128
12300
35803
32493
32968
28086
2513
23008
2102
34381
16304
19172
10798
20791
8802
15610
4812
6999
35562
11291
36657
33271
20899
4056
3462
25345
31715
26905
4580
15271
16220
27709
27571
12023
16554
20539
36461
15419
39899
34915
6152
16204
14087
13302
36995
19242
28912
38159
22593
24475
5803
19250
14098
26702
23307
17561
8399
11374
4466
9332
26645
17038
33393
14217
25414
9947
31108
21875
21718
31008
16791
27871
3564
27230
37525
36911
6472
26438
35070
25418
7265
873
4668
21363
23928
24327
38924
28679
35702
39743
38011
18699
16781
31404
32916
38547
1351
20377
16775
19422
7737
33566
3645
11301
17148
1170
8212
19973
23960
39634
5391
31225
508
6411
12589
20788
30739
7865
9467
22793
7608
7479
1492
20742
38883
30761
19289
36587
11138
36064
12361
15227
25982
16006
26528
3131
13528
31092
19456
37489
30726
24847
28714
27586
31258
37655
4726
18349
5521
14194
1142
13129
18025
2635
33871
16908
33396
9513
9847
886
5577
22208
16113
27912
34566
38993
31043
8095
30085
10499
5584
17163
31698
30650
1102
19308
28306
5828
37658
30179
20022
38800
39660
38047
37787
33532
11308
27535
39397
17507
28421
4974
36068
886
29238
30634
36231
16633
35081
22668
23484
37017
39832
15182
27668
37286
34491
12326
3114
28501
2505
19489
23653
2165
13888
21441
32049
21548
8976
31446
39056
33750
32773
31476
30988
22011
22110
27220
38645
13544
9888
18481
10561
6072
33664
38229
3358
24507
6907
2825
13008
5764
22314
36661
7930
32554
14454
36331
14103
19783
24130
9511
9885
16903
987
873
35266
19449
24445
30263
32993
30686
8745
3555
36758
38761
38136
36469
23268
5044
35646
32628
10808
17960
25641
15090
6866
96
11422
20969
19879
35552
30480
26116
8807
27819
23341
425
7269
7787
30689
262
34825
35786
3817
27935
34547
38306
24404
14167
3350
16402
6795
10510
30714
32436
25601
37581
28884
33375
18550
5115
25279
5383
31231
30438
33202
14573
30863
471
18712
17904
37086
13537
10042
37255
37824
4589
35561
18581
18756
38911
34983
21903
5774
25698
10692
31375
23279
39576
21102
38181
4692
2733
39916
35923
33171
29471
6848
20386
26294
21912
34643
23380
35449
4685
20636
29626
5627
16197
8207
20735
11461
3190
2639
17235
28888
13331
4962
8519
12907
26064
6701
13951
25149
6617
6227
14672
36088
13075
35058
22383
34988
26053
2115
26789
27091
22751
16415
32718
38949
24622
13453
10410
24165
12444
23997
13053
25775
28959
21573
35035
15023
24626
8986
36524
31243
11565
11196
23684
24641
2606
2419
15981
28660
4534
39122
15751
23638
11890
4821
18939
32864
18274
29349
17029
30719
9698
26435
12846
38657
4360
7881
10032
28986
13220
6556
16581
24785
17752
36617
5778
20358
39036
18111
5370
39923
13586
17473
23561
25476
22294
38852
14692
36921
24553
28074
27640
34251
14509
36838
32908
18869
1072
2940
4207
10644
9496
20788
31781
23600
17406
37560
3958
12794
12023
5681
9069
25609
19506
28982
7437
1801
27834
22130
38722
12387
10204
22714
6638
21065
15904
39546
36286
16976
2486
493
27620
8334
21281
19402
31934
35039
13314
32245
4186
25337
34278
13255
7299
13784
2238
11088
11937
30072
33218
10659
38812
39774
29725
5450
17191
5630
1349
13477
18958
187
13970
6579
8522
31604
22333
36808
22995
31999
29053
27181
13688
19683
437
20987
33468
39027
32076
5405
25451
21646
12417
24263
17773
38494
26066
34964
476
27415
8442
19435
23954
22412
22366
32476
10368
4699
29285
33364
33050
14690
16897
6738
34374
13686
27726
24194
12713
16154
29599
34517
34152
2016
15132
11925
36863
1198
6890
37339
24965
11684
16774
8920
30448
35492
37748
817
36543
23385
30533
29593
34428
7430
36332
25154
21117
20410
9348
33830
32916
38947
24699
27068
37316
39832
35346
34179
37382
38588
27870
18700
10272
997
23972
720
36489
21720
37889
33033
1458
28422
18978
35886
35853
15310
21040
16970
32072
30388
7152
24988
25687
31852
8409
19355
28036
3755
9886
25418
2343
37757
470
12615
38754
24442
9687
31595
6163
7577
20980
7621
35999
39959
39859
31852
15269
20899
5174
3694
7639
12327
28682
33326
531
37091
12682
24919
37198
18920
6689
39541
16677
7160
8508
11783
31602
18196
3379
34117
25773
24359
1738
21772
20670
1597
9977
32292
18848
11503
35986
26487
23830
21020
19814
20713
14464
28848
1984
11662
4120
8674
11204
17150
15834
16064
28933
7436
34260
28664
1554
20033
9376
39644
38158
30046
37594
8135
22338
16442
19638
14676
2930
39821
35697
19096
16886
10161
4296
18871
21823
8416
27545
29379
21918
39731
5444
10852
7167
39704
35868
5073
16090
5244
4718
14248
31643
38664
18735
10333
15106
34725
25010
14388
30898
20707
29836
7785
30868
34132
23008
12691
38901
6905
38423
20819
6636
3867
28023
13803
39923
23892
15229
16013
25488
16299
30261
13483
14963
5348
23817
26421
74
8827
810
30972
29534
30646
35109
16754
21131
18117
25797
16384
25022
24220
33555
28010
24439
17931
38166
24363
38175
13395
36728
23663
29694
26990
33499
1009
28690
17316
27430
28764
22495
24592
16089
8381
11591
11198
25135
32722
25668
7284
5458
7042
27857
39013
35053
12296
16944
33219
33011
15119
6614
29740
35135
32660
13082
24986
30021
1772
38654
17451
26889
21149
2044
2978
29530
13635
14176
11017
2709
36196
14653
4519
3239
2510
39884
38292
11159
16829
31511
4170
28300
34477
30262
19787
23489
39696
1125
13510
1469
39779
27313
24710
20928
25709
27688
6810
35696
38216
14179
34757
34413
28833
39276
37652
27695
39161
32296
38854
12342
20159
39377
36994
14636
25991
13134
34477
25688
14259
4339
23509
14039
31652
8219
31319
17362
35907
38130
13058
30475
8661
4168
24888
37494
3444
18892
21542
2605
11188
16748
11299
27699
12477
8294
38687
38469
21428
33164
20509
35687
37503
4018
6078
29156
12237
37398
2870
4496
31880
12280
34971
541
16448
16212
34388
19893
31456
15930
18850
38997
29030
30150
26696
1508
38444
25384
39977
16224
18548
20486
8263
12404
20856
14342
1560
33093
8092
782
33941
39972
13062
28912
36865
25863
1476
31253
5756
32933
3535
20958
31930
32566
11108
18626
34074
5904
4010
30403
18480
18911
7241
26744
31315
24449
37438
29227
17542
1882
30009
7835
38206
39423
33099
35071
25286
34576
22677
27394
27509
22564
8353
15791
15130
15813
34417
5556
21718
34780
32311
198
13691
35904
23294
5006
20353
17084
34233
34247
18966
20594
2082
17172
20017
35182
8596
5304
26110
31273
32698
13619
13837
1051
29410
25320
16865
20179
27228
34935
14959
19540
31485
28650
11796
14780
30008
32150
31864
20593
26397
7183
1187
24832
24355
21205
16366
32951
26509
2476
20576
15559
16095
30766
12963
1857
16086
29828
22036
39666
21115
33348
19206
8952
18350
27355
23732
4711
19505
11949
25304
2254
19132
22844
27086
39839
4049
3452
29143
26910
5928
9719
38821
18375
36837
11784
16584
9275
37964
34973
8942
19079
28321
24500
28032
3023
11855
8116
7734
31360
16417
33039
29967
31901
15883
17053
28093
16284
16858
17236
39546
19138
23307
38367
33866
20145
10152
10450
29420
8116
1775
34714
23548
30096
19215
11580
29472
31070
16048
37206
18783
32466
26597
8750
20719
38832
22155
8812
11468
39013
26048
11014
14504
5708
9382
8370
25853
15886
15172
11625
24002
16948
6340
7550
3396
25555
15482
29220
12977
27883
26427
31760
16701
9376
36862
37420
4561
19018
6233
16029
14383
28633
23396
28887
34341
32778
33609
16546
5016
5134
24524
29018
18434
30864
32921
18182
12771
4755
7403
22100
32638
30182
10213
9339
35910
7075
6760
471
26093
9345
16501
477
37978
39897
25716
28672
29027
15678
1570
34043
17164
26094
19413
35598
13310
8686
13780
22433
13442
17535
4534
6080
7717
14747
11772
39980
18174
18532
451
4268
24229
13304
1097
18559
9553
23165
3583
38580
38843
5154
28975
16007
27600
4741
7957
911
13427
18090
19696
26869
35625
20582
29302
39695
31681
1074
39675
9856
15958
126
10476
187
13431
11573
15098
19336
34738
18682
14269
29934
23836
3244
5941
11436
7985
10251
8699
21413
28341
24748
4634
23966
5330
33936
23661
33364
31362
19688
3220
7320
19815
13696
3859
29598
21621
18958
8934
16359
37640
23203
2645
17828
22800
8587
25616
27137
18838
30668
4902
7179
15416
9537
27497
17098
39825
7511
10462
31188
27199
10034
38508
7014
20082
2368
32964
1703
21326
38251
14415
15318
17806
17060
33146
606
21999
18762
24096
37189
9430
28998
720
21198
38535
28218
38297
34713
35729
5111
25901
22928
11498
24409
26295
31580
23129
19259
29636
807
13862
4051
16125
31669
17463
5623
32275
39463
24386
16371
36652
30168
1722
37373
11367
257
21943
6016
34970
17672
7479
17223
36952
18977
1633
23247
10558
21114
38859
36546
21922
12721
597
34399
4390
18060
23
33018
13875
20761
5741
6880
7281
7463
4253
18648
4073
22548
21016
35395
220
28496
12619
33524
7473
10604
16772
14383
28070
11983
10929
9992
24704
7878
744
25447
22291
37119
18465
36166
17880
20558
3046
21513
28022
3651
162
28447
26199
17530
20194
22771
6026
32813
16296
13500
39769
29420
24235
27840
1403
35165
34184
22459
3043
31280
7906
25334
28399
22723
17853
2631
3282
20899
24145
27656
20903
20659
16103
3454
38189
32649
26226
4216
25463
38874
14068
21584
24646
38303
5776
26049
29820
39961
4860
32864
27593
12767
14550
15993
35490
32403
14976
35124
9655
39121
22780
30558
16132
35235
30364
10674
27885
16590
14890
9700
11816
25310
27636
36462
19965
33413
18863
9786
29726
23724
39002
17319
32843
9904
29664
24685
2308
4641
19810
8315
114
38942
38873
12599
34178
29237
23273
18415
2180
34515
24467
10348
19825
12103
3163
36142
5516
22026
5928
35242
2102
1282
8914
31297
11187
38578
15983
9847
39571
35793
18162
36038
31087
13387
8637
25265
38976
31910
32
1156
26425
24499
7857
2602
36603
11020
38744
38471
29398
1025
30066
27853
2307
38980
19150
13494
33910
31485
19693
33482
23630
37855
29520
14718
11242
38157
39983
10219
26419
36368
7727
12844
20867
15584
15446
13822
22956
14190
12294
12355
15215
2360
36560
13875
1340
15710
23721
31602
7196
3415
25084
30826
1270
10956
1896
8865
5465
38232
19084
31884
34600
23163
4728
15467
35100
16526
29290
18056
27069
1584
26763
2284
296
23323
12511
1636
35386
36233
33238
38934
39648
14675
26112
37270
21983
28009
6135
27449
26241
21571
15685
20841
4735
20414
32660
39835
33292
18302
14243
20361
19886
1007
18998
16534
20682
31509
18170
16068
27742
7761
15002
23742
18788
37467
17365
771
25476
23500
24572
8069
1424
258
28910
6159
17024
17922
2346
10316
36225
16589
27030
12463
13948
6028
28998
34631
37537
3520
7051
21632
11281
18406
1726
26421
15873
19091
23545
37701
38944
4469
5770
368
4727
31032
2879
18103
8954
1577
24772
5179
18166
11802
13995
28467
17830
2993
19450
11719
6513
26501
33351
14147
1259
35078
568
17132
14169
20465
11185
9465
24935
16955
9833
26014
4339
9064
4118
13294
10641
28890
14825
25160
692
28820
13627
14874
31813
33077
26593
34679
15930
19945
8826
17190
11375
5746
30674
21896
26212
38212
31362
7499
15167
37547
33513
15859
6612
37631
29153
17253
22873
330
2413
23565
25503
12392
38439
13668
1821
21385
8347
17752
37682
17173
31294
9057
19272
18320
27305
5484
16532
18667
9335
28052
12567
2848
3911
19179
36832
29416
32784
19705
26098
35198
39623
11601
7590
34414
25270
5764
15799
33617
23516
13481
7143
11162
18890
26415
25834
6196
28251
2367
21215
33938
30419
30134
36786
30682
9313
29970
20098
2098
6028
6196
33648
5651
14150
37590
36417
39420
3354
8569
29389
23222
18402
32884
34384
33645
15651
20219
39841
254
18938
17408
34192
5709
7543
27331
32743
13208
17301
12841
11658
23329
15389
1658
25332
25891
39249
18102
21663
38955
26671
7405
18530
1425
289
9266
35070
12293
25837
31263
12547
4775
5024
6740
6836
8919
34071
39579
22127
7724
8772
30138
27406
20514
31796
9090
6405
27397
27192
28069
26353
10215
35474
4883
11641
32115
10501
3063
4408
36339
30679
16956
1114
35703
20048
7951
4622
10471
3882
23101
14547
12655
13239
1953
33169
5036
11044
39574
32433
38236
23995
15138
4804
19469
16373
12797
7937
26875
15860
12345
23214
6539
25653
20680
2242
2053
24983
3216
12524
28866
26318
27072
37873
39557
25377
31042
945
36421
30616
29731
31010
10964
4869
35814
30433
17595
8611
38370
822
24471
7068
20388
27363
32721
37420
25957
34775
22404
29174
3651
7622
11844
27075
5495
11401
12453
32889
8699
5226
19857
38430
36236
30821
3299
32050
21255
17246
37013
15977
18068
17837
23045
38456
5200
12119
35877
27509
3246
14633
16683
6897
18607
24879
30325
20454
32633
2778
13343
1332
8004
33200
39762
593
24022
39413
28995
1629
13012
26009
13958
31080
3846
33356
25889
5398
5475
18118
32907
5073
29103
5943
8322
7710
30822
38647
28164
19807
37777
1507
21139
2134
31059
17253
2727
15081
16667
28074
13062
29679
14083
27021
17111
14281
20377
39352
19679
22204
17470
8939
23629
6573
11234
31951
14283
38408
26951
38799
18216
24728
36658
35707
23214
27718
12961
22293
39151
25980
10368
12214
12011
20803
35587
29122
35085
12316
28475
11116
30872
2297
16407
14501
8871
27641
6452
19506
26050
33403
14658
4266
14484
11316
39973
37698
39034
9286
16344
38186
35266
26712
6752
7277
7515
38691
32752
2600
11007
17579
10069
1879
19876
26476
16380
25099
14118
19184
958
36520
12588
15616
786
23424
26932
37111
17474
22319
6398
33818
16857
38016
20530
19961
5294
24398
18652
34398
26998
29659
11977
33419
31538
28205
19896
4270
9657
30366
23454
10615
26886
32394
22583
24024
15818
5867
17487
33293
28186
20237
27111
1395
18254
3994
21356
19900
28392
8
14298
11742
29667
22627
5162
17557
7184
21410
21827
13193
8128
1634
20160
35014
34028
2743
15390
9847
4963
32877
39492
33149
13115
22955
30897
31369
23301
12253
7621
11693
8614
18271
19788
38281
37250
21302
12191
4434
2712
34018
17628
10840
32004
37788
2206
26033
36884
17596
32232
1847
10473
31724
31348
19940
11031
22245
7661
34333
30851
15282
2378
39465
33553
22166
34098
30803
39820
6289
31590
2532
36660
9218
9724
28664
3358
8282
11049
36594
25878
3281
38441
32704
31357
26142
12644
2389
4739
20306
33074
31942
31940
31804
31407
25494
13971
21858
16297
13791
24499
7887
12676
21159
13457
18752
6176
13168
27035
17225
9762
9265
16859
4556
1969
8216
27050
10966
6957
31789
27624
31
23732
19564
28188
11491
1410
2159
33349
14060
12302
17849
18299
21330
35360
31757
36435
1536
1277
23470
15114
11039
29087
31973
11947
27409
189
38997
38375
3499
27139
22351
39882
10871
38267
28070
18714
39678
26581
12064
13738
35236
26265
32037
16566
21625
20146
13001
19514
21423
32823
34628
28815
21911
22953
762
9320
19494
36112
4047
22993
23251
22750
22876
30474
21017
7298
9188
20695
33880
17604
34433
29116
3869
22823
2034
25495
2969
15036
5009
24393
4211
35989
9560
22474
15294
6674
31794
34788
2786
32193
14134
22389
14943
37010
12863
35961
660
18404
13008
34540
36008
7442
23656
39878
30265
25691
21725
29586
37079
23086
13979
37642
15427
23539
20117
30721
26566
8263
25509
29352
457
39643
8094
11752
33005
17309
4065
30018
35713
17074
24558
28074
20868
4567
27952
7485
30258
6029
37071
23689
29115
7403
21331
4542
27294
37800
31615
13860
6064
13476
39565
2873
13120
7659
14625
2477
24968
15043
32495
17034
28469
13406
5108
5689
17973
29412
9526
4583
35441
2949
28272
20908
10352
5955
21802
33999
3756
13417
4211
6172
26893
3776
9045
36365
7787
20022
35195
29108
35065
24042
6142
19886
37448
11250
25575
11773
662
35101
16356
32455
34403
980
13363
4755
6936
35165
35106
7044
4934
35670
13216
28179
39446
18613
24545
3586
38635
16092
32694
30053
134
38836
9939
33935
6438
31867
5708
7100
23320
22065
35907
17723
23045
9270
18831
26333
787
10289
29729
2073
5959
39297
30252
1758
17910
11149
5344
12898
27241
38038
2951
27376
33226
9242
17663
39664
37461
23371
3116
17134
1788
39023
34857
24834
4645
10040
7519
5432
20330
33601
7505
22641
32898
34109
24399
7161
5259
26095
20059
32500
24133
19362
16228
13711
28604
33891
9727
22418
13615
12843
39552
15403
8218
34409
36589
12863
802
461
14647
17484
34062
18504
125
23312
12614
20877
30473
17873
6972
6884
10373
27458
26246
22954
1169
14851
16845
7249
37269
30460
20092
33173
5864
24663
23934
38805
37526
24736
39266
8526
38572
33328
27030
38698
16641
39644
15927
3466
17517
22899
10351
24243
10357
36597
7197
7879
7800
24042
15128
1421
10855
31572
34594
13071
16235
18529
11876
10114
39617
11143
18640
38190
4471
5670
33240
17464
5315
9167
17283
19184
28418
27634
3427
35128
20583
10624
3007
28384
31019
14487
26157
1874
6059
17104
14945
18647
35633
23173
28761
31602
34316
3753
29792
35140
5775
19384
8956
7442
24903
26239
26627
13322
13873
26406
8450
30809
37031
7809
15545
24402
22296
1702
26276
24707
18806
37573
39706
10791
20746
24819
2394
11415
28572
28538
6555
30700
4275
15511
38142
29178
1751
21121
2500
11976
7528
7302
2785
911
11463
18330
25313
33759
16385
7941
14819
31543
5514
14525
2335
22612
39345
1081
34027
24269
25971
36934
14969
30246
12446
13112
15777
10549
30585
18277
18877
38113
21932
18015
35376
33395
32697
20689
23507
9082
24982
34678
626
30496
9203
39313
9461
4900
36746
39840
25522
19069
36775
491
9316
5573
9955
25093
16122
541
39722
31351
35006
18006
9366
30383
7754
2064
7424
31261
11146
32407
25939
8124
19255
31494
3789
28716
32747
535
28557
18269
19605
21684
18760
25273
27257
25068
6718
39731
21961
2792
31082
16967
20799
449
3702
24905
38865
11127
16166
10011
3534
38457
14488
22789
26303
18277
7858
19050
15165
32767
33671
31122
14451
8784
16395
38060
33852
19465
37791
15813
22257
25225
32780
39408
22026
36483
20665
20891
3962
33183
27255
7496
27992
1743
26637
14296
16372
30847
29698
27889
23614
23370
19011
34417
32154
31758
32477
22358
11223
26620
38171
29833
8198
27303
25593
30224
20138
6259
7468
24100
39442
34723
27948
27435
32818
10938
38083
5542
1785
27781
33432
21752
7503
12443
16169
36009
554
4999
18367
11777
31619
12890
37962
39817
194
23556
26394
20332
26167
33862
785
21961
28585
25085
9396
17755
36023
3831
23297
34161
27965
16729
15913
31820
25525
32082
27830
26079
33433
2549
34208
25053
15440
32171
21222
15634
12079
7616
32318
38246
37830
33103
16559
22767
14541
22308
522
10564
26139
23820
1077
14104
36901
16990
5925
22426
5425
30107
4857
38858
32656
39066
20263
8096
31237
1486
23730
39668
5454
12401
37914
39637
1856
10825
22404
16397
33133
22927
23314
19273
3099
24391
29729
36352
1382
32006
18779
3159
22113
19988
2017
14770
19054
18633
19218
6643
16471
39301
6311
21925
11702
577
21562
13558
11403
319
26308
4536
23246
9622
23809
22697
34013
9891
19049
31747
1897
34180
34906
24011
14169
33276
35133
33223
11909
10703
36219
28380
10004
2530
6657
21706
3108
24572
31617
14511
24891
17925
19047
4489
27547
39209
23538
17912
9100
2587
9660
7349
33120
918
31360
7289
30546
22845
36864
38807
33549
33083
23539
3553
35614
26549
21612
35074
11121
13229
9585
32364
27506
24984
36853
15053
24193
16743
32965
29645
19330
38977
36995
12450
36248
24707
16091
23146
7553
9308
21954
37454
2391
5493
37359
34357
28394
15323
25783
39515
24904
35368
28231
12410
20353
21436
27463
898
38179
16781
30544
17510
12110
27539
26312
4710
12246
2404
27857
16151
8064
9811
9957
6807
11656
7317
37517
51
18992
23300
35918
3897
18669
24150
16307
35374
5586
123
36272
118
13256
23168
17628
25366
10707
292
30077
19306
39048
17934
35457
7112
24097
5415
13920
35753
9084
11437
32156
28076
31089
24427
31973
6110
8577
4633
1484
10515
4756
34109
10633
18012
17277
24613
39730
24337
21258
26159
3643
20306
445
39100
23771
24542
867
37691
16648
9951
5480
5156
34380
36569
29583
22705
2680
38160
23690
516
5028
28446
34625
12013
2810
8255
36627
38893
28944
17885
25052
32587
34543
25498
28039
18314
6392
28907
16005
23040
35210
17837
28197
25942
10759
17780
5000
13439
12293
28690
10307
17321
13489
4933
25686
12651
9540
22313
11544
38484
36550
32949
27423
31094
14799
15462
9408
21191
721
21766
584
32284
39603
28781
14578
6714
2913
19578
20153
11558
8269
30461
25231
18110
31746
10918
30761
37638
29583
2306
32474
26134
31607
19897
13580
6406
31711
22988
27597
28785
1106
28181
21069
37062
13314
31999
3776
12580
11578
20282
20490
16199
10743
5722
34309
38841
12992
25070
36479
2575
23728
25305
28709
15335
5202
2289
21741
36913
21630
5691
22050
19088
30224
3119
16150
39891
35119
19927
8823
3049
209
29313
19248
7304
31387
9909
2497
4379
31331
38976
6955
15060
24281
32016
26747
25835
30658
4841
19100
12288
10532
1151
31376
37108
622
3879
36999
32093
20158
2174
35142
20367
31488
10742
24023
19227
20651
26520
23607
11983
21848
30562
23395
2481
18930
10142
28316
9588
14983
3768
18228
21867
1271
5957
18976
1894
9836
12327
33987
29994
14502
25482
6713
2342
32576
30736
21569
13228
13608
5176
21563
35456
32090
1310
37937
11021
11452
22605
20609
26436
22725
35190
4655
23997
1147
23631
22243
10983
32311
12582
37329
6813
38064
4042
5507
30641
31130
23428
221
4738
28605
18136
36546
17047
19446
30835
24420
30898
9792
1382
13686
32517
36572
18342
12866
37719
38325
35109
5054
30636
7692
2383
33801
2108
2777
39308
32749
33907
22737
29322
34997
7694
7458
31543
24741
26904
18730
5514
14155
28522
6896
24193
17391
3468
2535
30258
37539
37213
21719
2593
27849
29411
1328
21651
31520
4105
20959
20621
34364
48
9944
29361
7742
17402
17256
28836
659
35986
34350
14814
20860
37598
39007
38251
1066
37895
28509
38605
35108
10229
37550
19309
35992
38878
960
27512
39335
18272
4486
33699
18320
14430
23060
22415
28184
36668
7603
25195
32654
38305
36361
13514
35903
31721
8117
33321
29616
36627
28278
21076
3208
25828
385
39200
21058
1346
23065
20393
15970
23903
14092
30642
38333
33504
13057
22869
26524
17012
8065
15530
15317
4426
29044
7572
36147
33513
37245
22115
26492
25523
3191
29700
7703
39929
25253
25113
37627
4670
5506
13597
28573
15950
4239
23258
5806
13649
2479
32330
30661
6896
7860
2331
11323
33256
9903
3822
26770
7149
22290
13262
29024
21833
39315
33080
21762
24568
18193
15741
25590
23700
29338
10515
36002
29930
33773
1809
3579
32604
34139
34240
39501
2000
32923
7176
35256
39179
10998
18378
6328
29640
31641
31704
11474
30956
24784
29588
11876
2978
5330
37466
23030
34668
4333
19032
24598
34458
20841
24529
27062
14981
15122
26563
13333
8045
33739
4941
7224
1090
23320
9904
30730
14961
1609
2204
2269
22745
28145
10497
25723
33475
4315
8753
24495
8648
27786
9094
3106
4979
29975
30168
16312
5097
16732
29645
13143
6823
34587
20367
7913
17907
30272
38644
29220
28233
37200
27841
10978
25345
38338
33054
15172
2653
1807
39668
11301
25945
5114
14407
27277
35089
927
3589
187
17659
33235
9682
24483
24174
26401
28748
38433
13025
23744
27653
1258
17297
11846
8589
38994
10184
1643
14167
9189
39802
10187
20490
22100
15301
31249
9377
6742
32176
9318
3281
6188
38905
12963
27023
23079
39365
15771
21512
8742
35868
5517
10001
13165
17363
14942
12159
23899
12937
22678
33088
9091
32865
9930
31191
8166
37531
36920
11261
29708
2591
14542
32248
1496
27506
19271
24576
23223
31394
2440
31965
27262
7958
38318
427
21673
9612
8939
1925
22549
31617
31365
31641
20835
37648
19184
25353
35179
12457
36614
21239
15048
11157
13487
16544
35015
32758
1120
18238
24153
3561
6555
11415
7871
4874
8195
25896
14486
13486
24173
33388
5103
15539
25029
25938
13187
565
7644
4718
13022
4258
25958
28070
15415
39445
4615
10430
28556
2087
25020
9061
2000
31576
20476
6223
32802
25023
32120
3640
38509
16293
37028
39965
28184
18409
22255
37723
18975
29899
2442
28349
34158
24752
16420
5925
20549
17387
16356
9105
19474
1376
18166
21475
32952
34995
27698
22106
16370
16170
25747
14880
28816
22775
11197
17000
37537
33452
11076
12864
19704
9870
1213
13862
34622
17633
19787
15171
35020
32495
20629
10847
30224
35147
32322
19528
30142
16372
1635
2865
28895
27382
17745
17711
6509
25294
31063
4046
18746
2139
16910
38450
12009
14476
8664
2983
32109
24804
18155
23482
17299
35136
34329
7523
30283
23003
27052
16778
35727
25039
19643
24622
12421
33740
38685
15282
19034
29749
19329
34132
28240
32591
28935
250
3419
37599
39585
35529
22403
14092
15363
36055
9228
6044
39930
35864
25399
23334
12642
17478
8373
28637
38453
17146
18729
37138
32429
37763
23239
8110
28247
11480
701
17182
8082
4121
11134
7667
36002
29889
18112
7717
25944
27340
10113
22227
23204
35512
5561
32198
12990
13935
20835
7795
31081
39564
4934
19862
33679
24525
27972
21927
36005
25026
35461
439
25499
6595
4459
17853
36485
22571
25570
18781
6263
35683
1008
29468
27547
6570
18018
36889
16857
35206
4685
4290
31122
5971
24153
24802
30496
8477
3081
22854
33503
34894
23293
19002
1490
24104
36855
34327
6675
22425
13108
12939
14460
14117
38759
2007
17039
13129
35249
30248
8335
39934
30890
39458
5905
11395
20612
32753
19873
20045
15607
13376
14939
35253
28731
12781
19357
25586
7108
22385
4364
20217
31676
18824
30686
30435
17184
4077
3564
8785
30677
8252
8719
21567
7710
10976
32963
24674
3729
9188
4719
19337
22564
19658
14590
11295
32440
30299
33234
35900
12684
37598
12469
4360
12774
39507
31147
26310
3584
31064
35095
30613
39316
166
12181
3378
11142
1496
28052
11224
10684
32771
26913
29600
8781
37855
37248
37573
28154
30482
29826
839
24432
2295
1551
33558
1803
29051
19869
1739
20115
11316
32353
19431
11483
4534
22809
18977
2382
7213
26553
9418
39984
13466
39018
5117
11321
32618
39043
39476
19452
28869
36667
3884
31164
34570
37443
29319
23621
13664
31059
3736
24980
23412
19519
32815
24298
38680
8145
26680
5893
34698
36098
2229
8165
31468
3699
15838
24087
2742
15314
39891
31611
8333
3776
19127
39256
37571
8447
22877
11235
35858
22966
32567
19270
2485
25383
3568
1166
33528
26600
3411
24578
19050
5641
32743
10518
9340
8582
30957
12082
20248
30849
45
24934
30977
15524
24190
28548
20323
3419
36135
16181
26385
28702
31803
25223
10437
31723
22741
317
18323
26152
24896
37373
31793
13991
4244
37485
22573
31553
5919
39174
18754
2316
20460
9731
14193
4650
34631
34516
4421
30766
7050
30807
19469
38853
12382
29906
26929
35123
30224
5252
21275
11472
38978
9421
25463
39574
3258
4389
31127
9178
3563
9882
7846
20375
15965
22039
25025
10597
12908
25798
1363
19958
12957
17184
15163
25339
7091
2092
20462
33667
3697
38090
1491
39027
3863
26954
38601
3473
31343
26080
9003
31258
35962
16850
11633
11928
38889
33010
22525
8149
18809
20240
28107
31766
37425
39623
13458
868
38067
30272
30887
38116
24714
32378
37143
28577
19332
35744
28403
10676
21825
37406
38286
14139
14256
9920
22419
9498
39282
1296
13999
18091
21537
38459
6210
18962
38082
19668
16182
32501
9940
7069
30618
34655
39447
27761
19584
18779
19858
4339
25807
38035
1746
24094
8526
12354
30366
30946
18204
29648
32242
32204
4092
10131
30663
10302
25445
28745
26322
1627
17598
32614
8696
8216
23621
8143
32330
39558
23275
12188
3897
9082
6575
5643
29528
15101
17998
16246
2399
32554
5895
30994
24758
9987
1125
15421
16641
26571
518
39315
24550
18117
28281
33247
26333
11903
37742
18663
11461
21017
27203
11710
26452
33778
13706
15980
5232
31704
32227
7631
20610
34474
38625
5369
813
39751
20790
13806
22674
17661
13121
7224
35778
37754
36823
18463
9657
34566
33479
17470
15583
20682
25533
2035
10813
39239
14368
16045
30943
2947
23676
7905
33773
18654
13274
34586
14757
30417
8392
33783
8078
17865
1007
208
15619
34183
15023
21629
28749
8502
35451
684
25537
20984
39072
36350
20223
13440
8747
7518
12739
28775
15424
6512
7429
28698
37450
18538
15467
2194
12321
19897
20059
9681
20105
32030
3864
35129
10011
32613
39983
5463
33297
25520
26447
32369
18222
6671
2161
26969
14189
11252
12097
25965
17764
15878
14664
11566
34417
26483
13760
6738
6381
30171
16419
26486
22202
20283
17967
32213
9248
17951
37676
2546
39823
20476
31267
18046
27147
29781
1367
37688
1033
13464
23654
15150
29343
34670
26716
20112
21153
477
26850
27534
30648
39622
10373
9202
19905
24692
1416
29154
2643
35444
28052
38819
12272
15671
16865
35771
5452
14584
29812
2838
28049
13466
17988
13744
4488
4704
30208
21993
1533
17058
5880
28534
16680
16253
37736
32938
945
35504
18444
39941
27301
2848
38760
39573
18519
11977
35345
20324
26561
21509
23162
10962
34975
37502
21058
35815
38558
11266
17808
92
28325
23688
28626
1357
36293
26362
30647
33591
18219
9091
29884
5520
8291
24996
5093
26811
36973
36790
3487
23534
18299
23001
30849
9626
20503
11907
1793
19061
23174
15954
19153
7851
35994
4131
5560
28640
26846
36208
22231
5065
1651
12115
10585
9943
33463
12030
33106
30436
5173
36593
10322
19824
19594
1171
25803
36449
9431
23948
15510
32605
39902
31016
36808
35897
31499
2368
24537
18345
34928
3120
23410
36580
11587
30347
6523
5050
2378
35981
35486
3903
32574
2160
23727
8520
3332
5882
1321
12763
29831
16831
1720
29733
4199
38528
21982
35699
37248
2871
10396
32177
5991
33807
28757
17578
20506
31632
18980
19236
27613
10818
23139
16539
12979
3219
21411
16311
5453
22732
25426
35284
35915
27146
21370
115
22026
39704
32166
19274
2576
2562
7803
8567
32721
36560
22498
9580
24544
37830
28816
8509
8649
8308
25048
21628
11527
6459
34291
13332
29191
19717
8617
25107
3215
26339
21574
25241
26043
10092
867
28619
9006
8671
33539
38080
1583
12389
7660
26128
10219
36476
30989
15220
1136
16038
36848
12663
18849
31139
25996
8041
10856
30965
29500
14071
17304
7426
35664
39699
17518
36532
28319
26524
1555
18210
24604
3138
26951
32264
25618
37170
25093
16608
12391
26229
32646
5591
35245
7847
36731
17593
15888
3939
4910
1740
14363
22214
9166
10027
18265
23036
2911
6584
9561
4466
21146
30517
3957
8097
22782
29575
1620
4227
6183
10363
30456
35181
15954
22053
3029
9037
39646
15269
12977
4556
13362
23692
23122
18880
33719
37740
1917
32983
676
7830
37449
21823
38347
1406
29920
17481
27334
27892
21708
29869
38255
8517
25051
10562
26922
24432
19599
26569
36053
32576
27477
9415
12620
6952
24648
6340
4692
26565
35675
5368
34395
33124
23543
29094
30883
9816
6576
14569
37708
24636
4438
35964
29505
25841
6526
16428
10273
22477
39349
2679
11406
23178
8446
24026
30130
33094
26718
31174
19659
22393
32895
10406
11870
12790
35853
2753
22606
2429
13674
20315
27065
18112
12631
16571
3954
15509
29351
14227
34338
28700
13258
5744
11878
21705
29771
38361
14799
16489
25887
30811
38883
18782
37569
7105
31573
33422
6210
10531
32203
19884
27198
15621
37996
39829
28544
1950
11690
17895
12530
6029
6595
25788
11773
14825
7493
37896
13186
18645
10738
39074
5808
5973
14208
3377
13078
2133
36800
19288
12665
25355
39172
39863
976
37168
36045
29520
35471
4087
7415
4353
10116
10362
30141
18242
25188
33987
12490
38374
8984
23228
33800
14792
29201
4361
18169
2279
6494
11321
17919
15511
36677
17091
11727
37653
10612
4124
23526
6083
8211
30941
10436
14680
37656
36929
29274
22844
27268
1764
17570
36252
24993
7723
11044
10546
12084
25566
9178
18578
33239
27097
30442
29916
4189
2169
23922
14801
6293
7448
17236
10856
34741
24024
25536
32397
20953
14810
11593
8222
12927
25516
826
37920
33239
11871
4818
5323
33789
13996
20253
27028
1094
10695
16945
5283
9216
37219
16436
11861
1019
30024
22718
32112
14048
4606
24510
35001
15769
32455
39575
28696
17971
402
22968
7562
12273
27786
12885
2414
1783
33139
29442
2877
186
2739
4512
9403
36310
20948
21264
37329
10972
3982
29442
21372
8589
10304
16373
24358
39111
15949
9406
17083
16351
32374
24645
24976
20160
33883
27390
21943
23374
13184
24820
23560
15924
25684
32963
12234
2984
14228
5916
10308
14562
35358
31680
19503
2014
8054
3861
1125
20355
13267
14560
36706
1993
35558
18034
22154
29441
5424
4097
12815
14960
25270
36375
27236
10954
25691
35823
10291
39919
1739
20599
10833
33449
12280
30337
35463
16686
34198
32940
37041
3818
7501
30099
2163
3059
8133
24317
28852
9909
24767
38019
24869
10037
30746
12106
17343
16437
7929
27634
12708
6020
4586
23542
39469
16866
13879
31284
29904
4429
24224
26945
4599
28077
17044
6763
31136
25177
27432
16340
31438
12199
14359
16307
22236
1458
24765
35932
17895
29046
19918
26956
31418
24504
10498
30887
37722
20729
18523
27626
21510
39100
14571
26110
27177
27967
29225
14666
9496
16657
31006
934
28857
1718
13594
7445
3176
38359
3377
17423
23758
19648
4379
15176
4152
11229
2416
1875
31958
20939
29501
9821
20039
425
35931
3569
28392
21508
18235
37889
38165
9241
35175
23374
10959
8769
27172
10487
3481
30549
27911
27239
6549
32290
2415
10702
3520
1183
8929
31830
22123
34782
1651
38514
35207
33934
2083
19952
15442
20318
14193
9960
25912
9368
29686
33223
18138
16858
3711
17971
3760
31622
5210
10309
20264
3977
17363
23784
5161
26292
11967
23636
21075
9970
22150
12634
3905
20586
32586
15699
37256
6779
22011
23168
12500
11698
12744
26990
24908
16455
4961
28668
4429
10171
35330
24693
14148
12693
4830
15661
38986
13149
39297
16413
23119
17800
29047
27024
38386
21634
39076
35642
24765
21087
15163
37265
32785
27907
24255
14046
714
29216
2714
1495
35739
38044
22540
6240
7090
23722
21901
2428
36871
17551
18841
19991
35351
7888
3367
33737
25874
38795
25731
10640
19883
894
4257
9020
25153
24865
23066
25867
10433
22133
27362
6173
16529
9903
8765
23619
33625
30666
26047
26849
4569
4888
3192
39920
9129
6559
33657
31355
1707
19389
1995
21590
16635
2605
30610
1789
27470
10029
27656
37903
32162
11371
428
8691
17626
9193
32311
7603
36212
14710
34452
781
15951
33996
702
25080
36908
30711
16435
38615
6452
14783
20205
23088
13740
7167
24877
37562
17196
8885
35465
5710
16608
32246
14402
30586
1439
3065
38190
37651
17775
28994
34785
33726
22991
35487
15158
19899
22550
27946
18514
29003
2729
35071
8443
12821
2238
29672
10383
15787
34909
5848
21497
11518
34446
35899
2104
35886
38964
36646
29889
13092
25641
24674
6818
4984
16513
21977
24883
39064
9923
39749
24419
9004
34820
29214
21825
37058
18886
32208
12845
13795
34408
34343
21665
25207
26594
20122
21093
21911
16768
10982
35003
38761
32009
1821
3745
8522
20150
28628
3938
26425
28377
24709
35429
19549
13923
13606
16608
32809
2166
25805
2957
32927
16500
20974
18134
3095
1096
35579
25006
14217
2913
20009
12978
34922
18182
13076
39797
34685
38056
3735
21110
22786
24797
12892
2335
38720
26498
18943
27882
25017
1101
27191
14296
17601
8165
28782
20696
5614
24361
2054
19831
27274
18415
29161
22197
36598
2237
18346
31283
36646
18433
8745
19432
3230
21637
21767
1951
4488
37063
29833
25857
38164
17024
153
15765
21541
28935
32814
27155
13296
34868
3338
36922
13284
28852
15471
6234
31089
33817
33869
24087
12251
2614
3519
15481
20604
25287
13784
25092
18702
39969
10949
16866
13345
7454
28983
34887
36389
21797
18394
6037
13018
18085
39311
22654
6937
14783
25240
38026
8600
19109
22114
17203
18075
21985
29037
38679
3624
2821
23771
22326
39143
31072
35544
12488
38526
20880
3727
31267
39029
18474
33656
12047
36559
32968
31053
3496
7751
16293
37874
12703
35402
16340
26259
9830
38326
15296
8509
1950
14469
28633
20629
13612
19705
16173
22453
14584
33405
22532
2203
32435
1006
35860
834
37565
28828
31888
37413
32931
8181
35288
1986
39936
11628
28245
9766
9954
39893
18275
8257
14363
6908
28886
24327
22966
1411
3132
33902
34817
25665
36105
23604
23023
28317
24438
16941
13497
16326
14354
6428
20860
9642
4767
20796
17623
33012
26914
23929
32906
5189
32186
3621
8450
17424
27948
27768
15188
31081
21670
10005
13098
14127
29961
36121
2445
14399
9414
15942
27078
23769
18723
7938
29763
23490
25086
3738
12854
12000
27668
5760
13541
16206
9381
21991
33631
33682
6111
8819
21115
24133
15176
34213
38261
5137
26686
37058
15888
32453
9352
2966
16222
28075
10904
2337
11565
35990
6076
24420
4342
30096
26532
17884
6302
32266
36227
36285
25948
2339
5104
7063
22824
16632
37628
17437
18121
20666
14495
34010
13119
23848
36976
25693
8275
4233
24383
16193
36575
30459
36965
918
16907
23497
15154
23209
12115
11381
19495
38063
10072
20951
1478
32897
37584
35458
6686
12057
12477
17534
6067
25596
1382
39396
7642
6009
3629
32025
22202
36556
18836
19167
33826
35743
39017
8980
18952
11132
16714
34799
5548
26786
12103
3378
16035
6039
35189
22722
18096
7666
256
24164
33262
37990
23560
37256
3999
23541
29281
22554
16449
8117
38073
10276
3860
33442
19256
19165
927
35970
10316
6475
19109
22419
6205
35144
28458
1394
14218
6555
9060
14474
30719
38675
8816
10631
32283
9168
30524
21565
31722
6973
29682
26147
17249
33543
19590
32858
9060
20517
25180
19376
23344
4289
1796
29549
35786
30254
27296
10004
33161
32708
20831
23880
27735
29647
30863
20019
35167
21387
1584
26889
24713
31266
13037
1962
21161
28979
31172
30221
9496
16353
9598
32840
16994
7746
18741
9132
38000
2389
15489
31162
35098
36320
11394
19185
22319
38610
39204
17487
16349
37140
728
1062
24759
10117
39377
5920
39096
30549
32494
4944
3254
38444
34136
16601
6190
9230
25733
4190
11619
37574
31704
3069
33894
39451
22255
12566
38061
21459
26405
14410
18600
23485
11825
3359
33603
11202
5631
29051
1751
38125
30348
1358
32921
24484
17959
39111
30066
44
39654
1686
37619
31358
4755
27865
30809
27010
36783
25222
4822
23188
35985
19774
6674
7810
19485
36629
19012
25116
22032
17115
19594
12380
18473
12515
33217
32784
7979
23283
29181
7633
24969
23152
35343
26077
7369
22505
9439
4153
7727
14261
23693
3712
30387
26719
11522
9872
23348
26886
31341
1733
4002
10935
14113
18827
19802
7330
7964
27781
30614
37145
31766
11935
16649
27110
38012
24018
9615
3804
28171
13694
18065
8217
17407
8453
34936
25281
14677
14637
8520
6018
16370
8874
13305
30483
27701
33108
34166
32017
17241
21132
25514
5360
33067
2163
32470
27432
26182
38437
31236
10705
12131
5653
18922
25890
10458
13859
7524
25136
28496
16044
31154
1218
24918
4460
31701
8971
33920
25867
989
7513
6999
22855
12873
36419
25019
1695
23851
7553
132
11439
18258
8616
17092
33533
30858
27551
3744
38382
12687
28592
10778
193
29810
32048
1005
21511
37372
34925
3731
38361
38791
7082
21216
11664
39853
2587
9712
23704
10140
6196
35143
24751
14812
8588
14636
2023
36139
18380
36757
8826
6972
7536
9019
36782
35936
10025
14645
33308
1302
14728
28021
93
18163
9238
8110
18016
8177
14174
38073
14670
20370
29568
35773
31535
38156
10409
33558
34295
25141
30315
39473
32113
34203
4845
25247
30140
11222
36244
23448
12524
10973
11470
8970
25488
17060
13432
3504
21589
27606
37929
36259
7976
27498
32032
35863
22006
38793
29421
12654
23934
16089
12127
12399
10292
16972
33998
36784
24546
30243
20233
37071
37568
28055
2393
23056
1467
15825
22912
23056
3431
20842
19316
7759
4692
7700
3623
23050
6494
29396
35704
26780
5485
4184
35532
15778
17508
29530
12562
2055
19773
29147
39126
13693
17202
1519
33101
18669
13696
16014
38078
17127
33208
17394
21238
34252
21446
24861
17302
24292
14258
13007
7425
19743
17191
2957
31873
34699
32487
788
36754
8613
29935
32232
22306
3490
30103
15408
18511
3799
27774
16589
17278
20982
30335
38517
15234
8134
23378
28888
32426
33988
38247
36203
10084
15438
39160
1957
6490
31648
2745
39596
261
29033
31829
18919
28875
18284
34327
7386
22084
18453
20328
39362
39435
7015
34231
11021
15149
13962
36262
3928
7950
34509
131
18034
9948
39292
16344
12790
27292
15441
12386
23905
4474
567
2824
29701
15204
33504
37088
37288
11957
13768
33002
7745
20783
27234
15118
32285
1196
11380
32565
5498
5890
29048
19885
12190
24692
36229
24980
11984
11670
33718
32241
12497
30638
35066
38550
5842
24922
31990
39482
33231
5758
32484
976
22894
16070
16095
11531
13618
27475
4096
15469
33365
33144
35354
1907
17837
31583
26887
26173
39605
20606
18415
8454
7596
9833
7005
13438
34755
35347
12920
27986
1106
1756
25315
20352
14179
1410
31883
27797
25237
35979
3266
14955
25475
38620
16862
39664
26555
3750
25838
22513
20708
605
27319
24656
10438
30676
38094
1545
26024
7366
29531
27130
9122
14846
7482
23301
12608
35717
7451
37846
28048
7069
9153
13523
2042
26015
9540
24949
26117
35378
7462
3177
32335
34782
27833
2773
25458
25927
4318
11482
33293
30201
34964
38768
1400
38798
18421
14008
34515
25872
8206
18915
32942
17359
28791
31336
3375
38331
16285
25844
30061
23748
29022
22396
14882
16855
25169
36692
39135
25839
4527
28780
16040
39491
27548
17440
34642
5970
27801
25509
28194
36007
4425
17488
9719
33216
8824
9446
31547
25110
35290
17960
5210
20664
356
20092
37520
21877
13136
33007
7716
17663
18139
20108
13507
5688
33901
8149
8010
21702
33658
32556
14061
34435
10045
20132
27651
15221
29578
15550
331
21221
33510
1893
1885
30218
18337
35757
12095
31474
28764
19811
9137
6904
36272
22644
8944
30173
27145
13306
8227
20804
5862
18640
15239
12259
38773
39243
27481
24703
11145
27812
5924
4656
26058
7810
34874
4395
3567
3322
35869
28684
23133
1359
31940
19405
20355
884
5930
7501
10542
14157
24657
16404
29150
36248
28664
27923
35491
16145
12626
2989
309
18551
3997
22719
22713
35223
27115
26280
38545
19336
11316
18031
20695
3256
37436
37403
492
39719
4904
11034
10228
29561
23791
39378
22161
8807
27301
17653
21304
36280
16994
17965
11183
20991
685
33896
16214
27800
16528
14760
3488
27845
32791
20536
31101
26579
17939
31594
26298
22843
38980
36527
8756
19123
32257
30917
27930
19559
4922
5586
12191
21916
23552
23374
39259
20589
17270
15474
4741
33798
26586
8229
21643
19377
28765
9097
2308
3056
691
24959
25899
36023
17838
31007
15147
10095
18277
39429
29654
19551
1368
38197
37820
21272
21571
37079
1861
38841
12553
6602
28992
35491
11183
10635
14868
36301
19732
13529
39357
16775
38488
21609
9151
16326
8968
24298
22773
27245
20079
8780
3149
21447
6977
969
2719
28549
38048
932
27390
6954
3886
16382
2445
15070
23370
13666
7723
39454
27195
7080
16230
22035
25041
21733
34713
34010
6031
17486
17607
22462
26266
20756
3910
33244
21725
2981
21793
16126
3914
5535
23080
7800
18270
21877
19222
1640
31895
26945
1094
19090
30378
13676
37477
15419
35409
32190
9429
37792
9677
27037
16607
32295
7793
20517
25539
25871
19850
7332
1997
23764
9220
21429
27917
27490
39658
3491
29130
31554
30437
26576
6996
17167
36605
4474
32586
28366
33016
38368
22511
39045
25405
39118
31341
29550
15987
16880
11773
35837
20565
10122
15954
29785
31551
223
17275
31210
3714
2757
19116
30503
25685
26112
7670
18642
30586
257
7009
19955
38625
25872
19000
20382
24990
10341
6284
977
27222
18058
33166
4139
24532
5472
33924
16084
5695
7551
3646
9410
10308
22762
39913
32345
5226
7584
10988
35813
4193
14349
12120
39170
221
31120
19552
25211
1462
22188
22540
25036
36598
12058
29175
21131
17531
19451
33567
23226
27002
37213
28988
33662
16327
25254
26007
21553
29190
36995
13718
33383
11344
25838
32553
7917
16959
8457
33128
14773
30645
12020
39809
23596
24079
28984
4727
37962
4787
38294
21188
31789
31859
6529
25451
4538
31783
7810
22443
20973
1158
36162
14356
8854
18352
3261
16772
31663
8070
6252
6436
38715
18273
2597
22311
38704
27933
23390
36666
32720
21684
14206
20861
9895
20735
6312
14433
12518
10475
33229
33491
11633
25743
4199
20487
4095
3812
37259
32111
11882
3512
34899
10598
18137
37497
29261
16841
25430
12652
9859
14503
30688
24065
35364
36936
4801
38029
7721
17319
8504
950
7163
20137
26693
7714
36976
27141
11527
30588
19252
23409
30452
14151
30359
8589
8000
19621
21782
29783
28625
31641
4286
15665
15706
39650
8953
16859
34031
16675
30531
2535
13977
37694
19024
671
5408
12353
24164
16935
2941
39768
345
33393
13919
27056
38334
18272
3029
16468
8055
31654
8109
12341
3672
20167
8343
8977
37027
38727
25652
27558
1262
35982
21604
16639
33005
27012
28992
17169
300
28285
16937
36997
18030
27208
24053
12716
5480
27083
29184
9887
15089
33645
22228
15113
13812
26924
24091
7191
22003
6095
31101
23265
2077
12705
36256
35082
36070
21600
8603
36370
6237
21892
29719
24267
9101
13772
36983
10933
37207
22519
20821
12297
16164
39401
27410
29977
22677
7853
33520
4680
13949
24622
24298
12378
33679
20554
3813
29749
38507
12416
22471
4744
34309
12190
29012
39762
22315
22347
7047
19522
4867
27868
28171
21031
27270
11934
7360
9947
19787
881
14628
30088
25503
35278
2467
19182
15832
6280
5284
14339
15048
27755
15436
5709
36298
4448
1823
18613
23147
8871
38135
28014
36739
26307
5398
20361
38241
12758
26661
14380
13639
37641
4469
35494
32919
3288
11029
5103
5920
